0.09329382322399768
0.09329382322399768
0.25086829023566654
0.25086829023566654
0.25086829023566654
0.25086829023566654
0.25086829023566654
0.15757446701166886
0.25086829023566654
0.15757446701166886
0.15757446701166886
0.15757446701166886
0.25086829023566654
0.25086829023566654
0.25086829023566654
0.35465574039386055
0.25086829023566654
0.25086829023566654
0.09329382322399768
0.09329382322399768
0.15757446701166886
0.25086829023566654
0.15757446701166886
0.15757446701166886
0.15757446701166886
0.25086829023566654
0.25086829023566654
0.25086829023566654
0.35465574039386055
0.25086829023566654
0.25086829023566654
0.09329382322399768
0.09329382322399768
0.09329382322399768
0.19708127338219175
0.2613619171698629
0.2613619171698629
0.2613619171698629
0.2613619171698629
0.0
0.19708127338219175
0.09329382322399768
0.09329382322399768
0.25086829023566654
0.25086829023566654
0.25086829023566654
0.25086829023566654
0.25086829023566654
0.15757446701166886
0.25086829023566654
0.15757446701166886
0.25086829023566654
0.15757446701166886
0.15757446701166886
0.15757446701166886
0.25086829023566654
0.15757446701166886
0.25086829023566654
0.35465574039386055
0.25086829023566654
0.25086829023566654
0.25086829023566654
0.25086829023566654
0.09329382322399768
0.09329382322399768
0.35465574039386055
0.09329382322399768
0.2613619171698629
0.2613619171698629
0.25086829023566654
0.35465574039386055
0.25086829023566654
0.25086829023566654
0.09329382322399768
0.09329382322399768
0.09329382322399768
0.19708127338219175
0.2613619171698629
0.2613619171698629
0.2613619171698629
0.2613619171698629
0.2613619171698629
0.2613619171698629
0.2613619171698629
0.2613619171698629
0.25086829023566654
0.15757446701166886
0.25086829023566654
0.09329382322399768
0.25086829023566654
0.25086829023566654
0.25086829023566654
0.15757446701166886
0.25086829023566654
0.15757446701166886
0.15757446701166886
0.15757446701166886
0.25086829023566654
0.25086829023566654
0.09329382322399768
0.09329382322399768
0.25086829023566654
0.19708127338219175
0.09329382322399768
0.35465574039386055
0.25086829023566654
0.25086829023566654
0.25086829023566654
0.0
0.09329382322399768
0.09329382322399768
0.25086829023566654
0.19708127338219175
0.09329382322399768
0.35465574039386055
0.25086829023566654
0.25086829023566654
0.25086829023566654
0.25086829023566654
0.15757446701166886
0.15757446701166886
0.15757446701166886
0.25086829023566654
0.15757446701166886
0.25086829023566654
0.35465574039386055
0.25086829023566654
0.0
0.15757446701166886
0.15757446701166886
0.25086829023566654
0.15757446701166886
0.15757446701166886
0.25086829023566654
0.15757446701166886
0.25086829023566654
0.35465574039386055
0.25086829023566654
0.25086829023566654
0.25086829023566654
0.25086829023566654
0.09329382322399768
0.15757446701166886
0.15757446701166886
0.25086829023566654
0.25086829023566654
0.25086829023566654
0.35465574039386055
0.25086829023566654
0.25086829023566654
0.25086829023566654
0.25086829023566654
0.15757446701166886
0.15757446701166886
0.15757446701166886
0.25086829023566654
0.15757446701166886
0.25086829023566654
0.35465574039386055
0.25086829023566654
0.25086829023566654
0.25086829023566654
0.25086829023566654
0.09329382322399768
0.09329382322399768
0.19708127338219175
0.09329382322399768
0.15757446701166886
0.15757446701166886
0.15757446701166886
0.09329382322399768
0.09329382322399768
0.09329382322399768
0.09329382322399768
0.25086829023566654
0.19708127338219175
0.09329382322399768
0.35465574039386055
0.10378745015819407
0.15757446701166886
0.09329382322399768
0.25086829023566654
0.19708127338219175
0.09329382322399768
0.09329382322399768
0.25086829023566654
0.25086829023566654
0.25086829023566654
0.25086829023566654
0.25086829023566654
0.15757446701166886
0.25086829023566654
0.15757446701166886
0.15757446701166886
0.15757446701166886
0.25086829023566654
0.25086829023566654
0.25086829023566654
0.35465574039386055
0.25086829023566654
0.19708127338219175
0.09329382322399768
0.35465574039386055
0.25086829023566654
0.25086829023566654
0.25086829023566654
0.25086829023566654
0.0
0.09329382322399768
0.09329382322399768
0.25086829023566654
0.19708127338219175
0.09329382322399768
0.35465574039386055
0.25086829023566654
0.25086829023566654
0.25086829023566654
0.09329382322399768
0.25086829023566654
0.19708127338219175
0.09329382322399768
0.35465574039386055
0.25086829023566654
0.25086829023566654
0.25086829023566654
0.25086829023566654
0.15757446701166886
0.15757446701166886
0.15757446701166886
0.25086829023566654
0.15757446701166886
0.25086829023566654
0.15757446701166886
0.15757446701166886
0.15757446701166886
0.25086829023566654
0.25086829023566654
0.35465574039386055
0.10378745015819407
0.10378745015819407
0.25086829023566654
0.25086829023566654
0.25086829023566654
0.25086829023566654
0.2613619171698629
0.15757446701166886
0.2613619171698629
0.10378745015819407
0.10378745015819407
0.10378745015819407
0.19708127338219175
0.35465574039386055
0.25086829023566654
0.35465574039386055
0.10378745015819407
0.10378745015819407
0.25086829023566654
0.25086829023566654
0.25086829023566654
0.25086829023566654
0.2613619171698629
0.15757446701166886
0.2613619171698629
0.25086829023566654
0.25086829023566654
0.25086829023566654
0.25086829023566654
0.15757446701166886
0.25086829023566654
0.15757446701166886
0.15757446701166886
0.15757446701166886
0.25086829023566654
0.25086829023566654
0.25086829023566654
0.35465574039386055
0.25086829023566654
0.09329382322399768
0.35465574039386055
0.25086829023566654
0.25086829023566654
0.25086829023566654
0.25086829023566654
0.15757446701166886
0.15757446701166886
0.15757446701166886
0.25086829023566654
0.15757446701166886
0.25086829023566654
0.35465574039386055
0.25086829023566654
0.25086829023566654
0.25086829023566654
0.25086829023566654
0.09329382322399768
0.25086829023566654
0.15757446701166886
0.25086829023566654
0.35465574039386055
0.25086829023566654
0.25086829023566654
0.25086829023566654
0.25086829023566654
0.09329382322399768
0.09329382322399768
0.19708127338219175
0.09329382322399768
0.09329382322399768
0.09329382322399768
0.25086829023566654
0.25086829023566654
0.25086829023566654
0.25086829023566654
0.25086829023566654
0.25086829023566654
0.15757446701166886
0.15757446701166886
0.15757446701166886
0.25086829023566654
0.15757446701166886
0.25086829023566654
0.35465574039386055
0.25086829023566654
0.25086829023566654
0.25086829023566654
0.25086829023566654
0.09329382322399768
0.09329382322399768
0.15757446701166886
0.25086829023566654
0.15757446701166886
0.25086829023566654
0.35465574039386055
0.25086829023566654
0.25086829023566654
0.25086829023566654
0.25086829023566654
0.09329382322399768
0.09329382322399768
0.35465574039386055
0.09329382322399768
0.25086829023566654
0.15757446701166886
0.15757446701166886
0.15757446701166886
0.09329382322399768
0.09329382322399768
0.25086829023566654
0.19708127338219175
0.09329382322399768
0.35465574039386055
0.25086829023566654
0.25086829023566654
0.25086829023566654
0.25086829023566654
0.15757446701166886
0.15757446701166886
0.15757446701166886
0.25086829023566654
0.15757446701166886
0.25086829023566654
0.35465574039386055
0.25086829023566654
0.25086829023566654
0.15757446701166886
0.25086829023566654
0.09329382322399768
0.35465574039386055
0.35465574039386055
0.10378745015819407
0.19708127338219175
0.35465574039386055
0.25086829023566654
0.35465574039386055
0.10378745015819407
0.10378745015819407
0.25086829023566654
0.25086829023566654
0.25086829023566654
0.25086829023566654
0.35465574039386055
0.25086829023566654
0.25086829023566654
0.25086829023566654
0.25086829023566654
0.09329382322399768
0.09329382322399768
0.19708127338219175
0.09329382322399768
0.2613619171698629
0.2613619171698629
0.2613619171698629
0.2613619171698629
0.2613619171698629
0.2613619171698629
0.2613619171698629
0.15757446701166886
0.25086829023566654
0.25086829023566654
0.25086829023566654
0.35465574039386055
0.25086829023566654
0.25086829023566654
0.09329382322399768
0.09329382322399768
0.09329382322399768
0.19708127338219175
0.2613619171698629
0.2613619171698629
0.2613619171698629
0.2613619171698629
0.2613619171698629
0.2613619171698629
0.2613619171698629
0.2613619171698629
0.19708127338219175
0.09329382322399768
0.35465574039386055
0.25086829023566654
0.25086829023566654
0.25086829023566654
0.25086829023566654
0.15757446701166886
0.15757446701166886
0.15757446701166886
0.25086829023566654
0.15757446701166886
0.25086829023566654
