0.1991723255591471
0.1991723255591471
0.10653681940575246
0.10653681940575246
0.10753889963435573
0.09263550615339462
0.12265549515887283
0.09263550615339462
0.15424894307270776
0.1991723255591471
0.10653681940575246
0.10653681940575246
0.10653681940575246
0.10653681940575246
0.10653681940575246
0.1991723255591471
0.10653681940575246
0.10653681940575246
0.10653681940575246
0.1991723255591471
0.12265549515887283
0.13755888863983393
0.12265549515887283
0.12265549515887283
0.18426893207818598
0.12265549515887283
0.12265549515887283
0.18426893207818598
0.13755888863983393
0.12265549515887283
0.18426893207818598
0.09163342592479135
0.10653681940575246
0.18426893207818598
0.10653681940575246
0.12265549515887283
0.12265549515887283
0.13755888863983393
0.12265549515887283
0.18426893207818598
0.09163342592479135
0.09163342592479135
0.18426893207818598
0.09163342592479135
0.09163342592479135
0.09163342592479135
0.09163342592479135
0.09163342592479135
0.09163342592479135
0.09163342592479135
0.09163342592479135
0.16915233655366887
0.18426893207818598
0.12265549515887283
0.12265549515887283
0.10653681940575246
0.10653681940575246
0.10653681940575246
0.10653681940575246
0.1991723255591471
0.1991723255591471
0.10653681940575246
0.1991723255591471
0.12265549515887283
0.13755888863983393
0.12265549515887283
0.12265549515887283
0.18426893207818598
0.12265549515887283
0.12265549515887283
0.18426893207818598
0.13755888863983393
0.12265549515887283
0.18426893207818598
0.09163342592479135
0.10653681940575246
0.18426893207818598
0.10653681940575246
0.10653681940575246
0.12265549515887283
0.10753889963435573
0.09263550615339462
0.09263550615339462
0.15424894307270776
0.09263550615339462
0.09263550615339462
0.10753889963435573
0.12265549515887283
0.15424894307270776
0.09263550615339462
0.10753889963435573
0.09263550615339462
0.13755888863983393
0.12265549515887283
0.12265549515887283
0.18426893207818598
0.12265549515887283
0.12265549515887283
0.12265549515887283
0.13755888863983393
0.12265549515887283
0.18426893207818598
0.09163342592479135
0.09163342592479135
0.18426893207818598
0.09163342592479135
0.09163342592479135
0.09163342592479135
0.09163342592479135
0.09163342592479135
0.09163342592479135
0.13755888863983393
0.09163342592479135
0.09163342592479135
0.16915233655366887
0.10653681940575246
0.10653681940575246
0.10653681940575246
0.1991723255591471
0.1991723255591471
0.10653681940575246
0.1991723255591471
0.12265549515887283
0.10653681940575246
0.10653681940575246
0.1991723255591471
0.10653681940575246
0.10653681940575246
0.10653681940575246
0.12265549515887283
0.13755888863983393
0.12265549515887283
0.12265549515887283
0.18426893207818598
0.12265549515887283
0.12265549515887283
0.12265549515887283
0.13755888863983393
0.12265549515887283
0.18426893207818598
0.09163342592479135
0.09163342592479135
0.12265549515887283
0.12265549515887283
0.18426893207818598
0.12265549515887283
0.12265549515887283
0.18426893207818598
0.13755888863983393
0.12265549515887283
0.18426893207818598
0.09163342592479135
0.10653681940575246
0.18426893207818598
0.10653681940575246
0.10653681940575246
0.18426893207818598
0.10753889963435573
0.09263550615339462
0.09263550615339462
0.09263550615339462
0.09263550615339462
0.12265549515887283
0.10753889963435573
0.09263550615339462
0.09263550615339462
0.15424894307270776
0.09263550615339462
0.09263550615339462
0.09263550615339462
0.12265549515887283
0.09263550615339462
0.15424894307270776
0.1991723255591471
0.10653681940575246
0.10653681940575246
0.10653681940575246
0.10653681940575246
0.10653681940575246
0.1991723255591471
0.10653681940575246
0.10653681940575246
0.10653681940575246
0.12265549515887283
0.13755888863983393
0.12265549515887283
0.12265549515887283
0.18426893207818598
0.12265549515887283
0.12265549515887283
0.12265549515887283
0.13755888863983393
0.12265549515887283
0.18426893207818598
0.09163342592479135
0.09163342592479135
0.18426893207818598
0.10653681940575246
0.10653681940575246
0.09263550615339462
0.10753889963435573
0.09263550615339462
0.13755888863983393
0.10753889963435573
0.15424894307270776
0.1991723255591471
0.1991723255591471
0.10653681940575246
0.10653681940575246
0.10653681940575246
0.10653681940575246
0.1991723255591471
0.1991723255591471
0.10653681940575246
0.1991723255591471
0.12265549515887283
0.13755888863983393
0.10653681940575246
0.10653681940575246
0.10653681940575246
0.10653681940575246
0.10653681940575246
0.1991723255591471
0.10653681940575246
0.10653681940575246
0.10653681940575246
0.12265549515887283
0.13755888863983393
0.12265549515887283
0.12265549515887283
0.18426893207818598
0.12265549515887283
0.12265549515887283
0.12265549515887283
0.13755888863983393
0.12265549515887283
0.18426893207818598
0.12265549515887283
0.09263550615339462
0.15424894307270776
0.1991723255591471
0.10653681940575246
0.10653681940575246
0.10653681940575246
0.10653681940575246
0.10653681940575246
0.1991723255591471
0.10653681940575246
0.10653681940575246
0.10653681940575246
0.12265549515887283
0.13755888863983393
0.12265549515887283
0.12265549515887283
0.18426893207818598
0.12265549515887283
0.12265549515887283
0.12265549515887283
0.13755888863983393
0.12265549515887283
0.18426893207818598
0.12265549515887283
0.12265549515887283
0.18426893207818598
0.13755888863983393
0.12265549515887283
0.18426893207818598
0.09163342592479135
0.10653681940575246
0.18426893207818598
0.10653681940575246
0.10653681940575246
0.09163342592479135
0.09163342592479135
0.09163342592479135
0.09163342592479135
0.09163342592479135
0.09163342592479135
0.16915233655366887
0.15424894307270776
0.10653681940575246
0.10653681940575246
0.10653681940575246
0.10653681940575246
0.10653681940575246
0.1991723255591471
0.10653681940575246
0.10653681940575246
0.10653681940575246
0.12265549515887283
0.18426893207818598
0.13755888863983393
0.12265549515887283
0.18426893207818598
0.09163342592479135
0.10653681940575246
0.18426893207818598
0.10653681940575246
0.10653681940575246
0.09163342592479135
0.09163342592479135
0.09163342592479135
0.09163342592479135
0.09163342592479135
0.09163342592479135
0.16915233655366887
0.15424894307270776
0.16915233655366887
0.10653681940575246
0.10653681940575246
0.10653681940575246
0.10653681940575246
0.10653681940575246
0.1991723255591471
0.1991723255591471
0.10653681940575246
0.1991723255591471
0.12265549515887283
0.13755888863983393
0.12265549515887283
0.12265549515887283
0.1991723255591471
0.10653681940575246
0.10653681940575246
0.10653681940575246
0.12265549515887283
0.13755888863983393
0.12265549515887283
0.12265549515887283
0.18426893207818598
0.12265549515887283
0.12265549515887283
0.12265549515887283
0.13755888863983393
0.12265549515887283
0.18426893207818598
0.09163342592479135
0.09163342592479135
0.10653681940575246
0.12265549515887283
0.13755888863983393
0.12265549515887283
0.12265549515887283
0.09263550615339462
0.09263550615339462
0.10753889963435573
0.12265549515887283
0.15424894307270776
0.09263550615339462
0.10753889963435573
0.09263550615339462
0.12265549515887283
0.09263550615339462
0.15424894307270776
0.12265549515887283
0.12265549515887283
0.12265549515887283
0.12265549515887283
0.12265549515887283
0.12265549515887283
0.18426893207818598
0.12265549515887283
0.10653681940575246
0.10653681940575246
0.10653681940575246
0.10653681940575246
0.10653681940575246
0.1991723255591471
0.10653681940575246
0.10653681940575246
0.10653681940575246
0.12265549515887283
0.13755888863983393
0.10653681940575246
0.13755888863983393
0.12265549515887283
0.12265549515887283
0.18426893207818598
0.12265549515887283
0.12265549515887283
0.10753889963435573
0.09263550615339462
0.12265549515887283
0.10753889963435573
0.09263550615339462
0.10753889963435573
0.16915233655366887
0.09263550615339462
0.10753889963435573
0.10753889963435573
0.12265549515887283
0.18426893207818598
0.12265549515887283
0.12265549515887283
0.10753889963435573
0.09263550615339462
0.12265549515887283
0.10753889963435573
0.09263550615339462
0.10753889963435573
0.16915233655366887
0.09263550615339462
0.10753889963435573
0.10753889963435573
0.12265549515887283
0.18426893207818598
0.12265549515887283
0.16915233655366887
0.09263550615339462
0.12265549515887283
0.12265549515887283
0.12265549515887283
0.18426893207818598
0.12265549515887283
0.12265549515887283
0.18426893207818598
0.13755888863983393
0.12265549515887283
0.18426893207818598
0.09163342592479135
0.10653681940575246
0.09263550615339462
0.12265549515887283
0.09263550615339462
0.15424894307270776
0.1991723255591471
0.10653681940575246
0.10653681940575246
0.10653681940575246
0.10653681940575246
0.10653681940575246
0.1991723255591471
0.10653681940575246
0.10653681940575246
0.10653681940575246
0.12265549515887283
0.13755888863983393
0.12265549515887283
0.12265549515887283
0.18426893207818598
0.12265549515887283
0.12265549515887283
0.12265549515887283
0.13755888863983393
0.12265549515887283
0.18426893207818598
0.09163342592479135
0.09163342592479135
0.18426893207818598
0.09163342592479135
0.09163342592479135
0.09163342592479135
0.09163342592479135
0.09163342592479135
0.09163342592479135
0.12265549515887283
0.09263550615339462
0.15424894307270776
0.1991723255591471
0.10653681940575246
0.10653681940575246
0.10653681940575246
0.10653681940575246
0.10653681940575246
0.1991723255591471
0.10653681940575246
0.10653681940575246
0.10653681940575246
0.12265549515887283
0.13755888863983393
0.12265549515887283
0.12265549515887283
0.18426893207818598
0.12265549515887283
0.12265549515887283
0.10653681940575246
0.10653681940575246
0.10653681940575246
0.1991723255591471
0.1991723255591471
0.10653681940575246
0.1991723255591471
0.12265549515887283
0.13755888863983393
0.09263550615339462
0.09263550615339462
0.10753889963435573
0.12265549515887283
0.15424894307270776
0.09263550615339462
0.10753889963435573
0.09263550615339462
0.12265549515887283
0.09263550615339462
0.15424894307270776
0.12265549515887283
0.12265549515887283
0.12265549515887283
0.12265549515887283
0.10653681940575246
0.1991723255591471
0.1991723255591471
0.10653681940575246
0.1991723255591471
0.12265549515887283
0.13755888863983393
0.12265549515887283
0.12265549515887283
0.10653681940575246
0.10653681940575246
0.1991723255591471
0.10653681940575246
0.10653681940575246
0.10653681940575246
0.12265549515887283
