0.19072279113723475
0.1388274727577818
0.18284267215511255
0.18284267215511255
0.18284267215511255
0.18284267215511255
0.18284267215511255
0.18284267215511255
0.18284267215511255
0.18284267215511255
0.1388274727577818
0.2229779683612363
0.09869217655165803
0.06643699932765651
0.09869217655165803
0.09869217655165803
0.07239047343012528
0.150587494931111
0.10657229553378027
0.10657229553378027
0.10657229553378027
0.10657229553378027
0.1388274727577818
0.10657229553378027
0.18284267215511255
0.18284267215511255
0.18284267215511255
0.18284267215511255
0.2229779683612363
0.18284267215511255
0.18284267215511255
0.18284267215511255
0.18284267215511255
0.18284267215511255
0.2229779683612363
0.18284267215511255
0.10657229553378027
0.1388274727577818
0.10657229553378027
0.19072279113723475
0.10657229553378027
0.10657229553378027
0.10657229553378027
0.10657229553378027
0.1388274727577818
0.10657229553378027
0.18284267215511255
0.18284267215511255
0.18284267215511255
0.18284267215511255
0.18284267215511255
0.18284267215511255
0.18284267215511255
0.18284267215511255
0.18284267215511255
0.18284267215511255
0.1388274727577818
0.10657229553378027
0.19072279113723475
0.10657229553378027
0.10657229553378027
0.10657229553378027
0.10657229553378027
0.1388274727577818
0.10657229553378027
0.18284267215511255
0.18284267215511255
0.18284267215511255
0.18284267215511255
0.2229779683612363
0.18284267215511255
0.18284267215511255
0.18284267215511255
0.18284267215511255
0.19072279113723475
0.04013529620612375
0.04013529620612375
0.18284267215511255
0.150587494931111
0.11640567282745601
0.09869217655165803
0.03225517722400152
0.07239047343012528
0.03225517722400152
0.03225517722400152
0.10657229553378027
0.04013529620612375
0.04013529620612375
0.07239047343012528
0.12428579180957824
0.07239047343012528
0.04013529620612375
0.04013529620612375
0.04013529620612375
0.04013529620612375
0.0
0.08415049560345449
0.0
0.04013529620612375
0.0
0.10657229553378027
0.1388274727577818
0.10657229553378027
0.0
0.08415049560345449
0.10657229553378027
0.10657229553378027
0.19072279113723475
0.1388274727577818
0.10657229553378027
0.10657229553378027
0.10657229553378027
0.10657229553378027
0.19072279113723475
0.1388274727577818
0.12428579180957824
0.07239047343012528
0.04013529620612375
0.04013529620612375
0.04013529620612375
0.04013529620612375
0.10657229553378027
0.10657229553378027
0.04013529620612375
0.04013529620612375
0.10657229553378027
0.04013529620612375
0.0
0.08415049560345449
0.0
0.04013529620612375
0.0
0.10657229553378027
0.1388274727577818
0.10657229553378027
0.19072279113723475
0.10657229553378027
0.10657229553378027
0.10657229553378027
0.10657229553378027
0.1388274727577818
0.10657229553378027
0.18284267215511255
0.18284267215511255
0.18284267215511255
0.18284267215511255
0.18284267215511255
0.18284267215511255
0.12428579180957824
0.04013529620612375
0.04013529620612375
0.10657229553378027
0.04013529620612375
0.04013529620612375
0.06643699932765651
0.04013529620612375
0.19072279113723475
0.10657229553378027
0.10657229553378027
0.10657229553378027
0.10657229553378027
0.1388274727577818
0.10657229553378027
0.18284267215511255
0.18284267215511255
0.18284267215511255
0.18284267215511255
0.18284267215511255
0.18284267215511255
0.18284267215511255
0.10657229553378027
0.10657229553378027
0.10657229553378027
0.10657229553378027
0.19072279113723475
0.1388274727577818
0.18284267215511255
0.18284267215511255
0.18284267215511255
0.18284267215511255
0.18284267215511255
0.18284267215511255
0.18284267215511255
0.18284267215511255
0.1388274727577818
0.2229779683612363
0.09869217655165803
0.06643699932765651
0.09869217655165803
0.09869217655165803
0.1388274727577818
0.10657229553378027
0.19072279113723475
0.10657229553378027
0.10657229553378027
0.10657229553378027
0.10657229553378027
0.1388274727577818
0.10657229553378027
0.18284267215511255
0.04013529620612375
0.04013529620612375
0.0
0.10657229553378027
0.10657229553378027
0.2229779683612363
0.2229779683612363
0.09869217655165803
0.1388274727577818
0.1388274727577818
0.10657229553378027
0.1388274727577818
0.03225517722400152
0.03225517722400152
0.0
0.08415049560345449
0.0
0.04013529620612375
0.0
0.10657229553378027
0.1388274727577818
0.10657229553378027
0.19072279113723475
0.10657229553378027
0.19072279113723475
0.1388274727577818
0.10657229553378027
0.19072279113723475
0.04013529620612375
0.0
0.0
0.08415049560345449
0.10657229553378027
0.10657229553378027
0.19072279113723475
0.1388274727577818
0.10657229553378027
0.10657229553378027
0.10657229553378027
0.10657229553378027
0.19072279113723475
0.1388274727577818
0.18284267215511255
0.18284267215511255
0.18284267215511255
0.18284267215511255
0.10657229553378027
0.10657229553378027
0.1388274727577818
0.19072279113723475
0.10657229553378027
0.10657229553378027
0.10657229553378027
0.10657229553378027
0.1388274727577818
0.10657229553378027
0.18284267215511255
0.18284267215511255
0.18284267215511255
0.18284267215511255
0.18284267215511255
0.18284267215511255
0.04013529620612375
0.04013529620612375
0.06643699932765651
0.04013529620612375
0.0
0.0
0.08415049560345449
0.0
0.19072279113723475
0.1388274727577818
0.10657229553378027
0.19072279113723475
0.10657229553378027
0.10657229553378027
0.10657229553378027
0.10657229553378027
0.1388274727577818
0.10657229553378027
0.18284267215511255
0.18284267215511255
0.18284267215511255
0.18284267215511255
0.2229779683612363
0.18284267215511255
0.04013529620612375
0.04013529620612375
0.04013529620612375
0.04013529620612375
0.0
0.08415049560345449
0.0
0.04013529620612375
0.0
0.10657229553378027
0.1388274727577818
0.10657229553378027
0.19072279113723475
0.0
0.08415049560345449
0.0
0.04013529620612375
0.0
0.08415049560345449
0.0
0.04013529620612375
0.04013529620612375
0.12428579180957824
0.04013529620612375
0.04013529620612375
0.10657229553378027
0.04013529620612375
0.04013529620612375
0.06643699932765651
0.04013529620612375
0.0
0.0
0.08415049560345449
0.10657229553378027
0.10657229553378027
0.19072279113723475
0.1388274727577818
0.10657229553378027
0.10657229553378027
0.10657229553378027
0.10657229553378027
0.19072279113723475
0.1388274727577818
0.18284267215511255
0.18284267215511255
0.18284267215511255
0.07239047343012528
0.19072279113723475
0.07239047343012528
0.04013529620612375
0.04013529620612375
0.10657229553378027
0.04013529620612375
0.0
0.08415049560345449
0.0
0.04013529620612375
0.0
0.19072279113723475
0.1388274727577818
0.10657229553378027
0.19072279113723475
0.10657229553378027
0.10657229553378027
0.10657229553378027
0.10657229553378027
0.1388274727577818
0.10657229553378027
0.18284267215511255
0.18284267215511255
0.18284267215511255
0.18284267215511255
0.2229779683612363
0.18284267215511255
0.18284267215511255
0.18284267215511255
0.18284267215511255
0.18284267215511255
0.2229779683612363
0.18284267215511255
0.09869217655165803
0.09869217655165803
0.09869217655165803
0.18284267215511255
0.1388274727577818
0.04013529620612375
0.0
0.10657229553378027
0.1388274727577818
0.04013529620612375
0.04013529620612375
0.0
0.08415049560345449
0.0
0.04013529620612375
0.0
0.19072279113723475
0.1388274727577818
0.10657229553378027
0.19072279113723475
0.10657229553378027
0.10657229553378027
0.07239047343012528
0.04013529620612375
0.04013529620612375
0.04013529620612375
0.04013529620612375
0.0
0.08415049560345449
0.0
0.04013529620612375
0.0
0.10657229553378027
0.1388274727577818
0.10657229553378027
0.19072279113723475
0.10657229553378027
0.10657229553378027
0.10657229553378027
0.10657229553378027
0.1388274727577818
0.0
0.08415049560345449
0.0
0.04013529620612375
0.04013529620612375
0.06643699932765651
0.04013529620612375
0.0
0.0
0.08415049560345449
0.10657229553378027
0.10657229553378027
0.04013529620612375
0.0
0.08415049560345449
0.0
0.04013529620612375
0.0
0.19072279113723475
0.1388274727577818
0.08415049560345449
0.0
0.04013529620612375
0.0
0.19072279113723475
0.1388274727577818
0.10657229553378027
0.19072279113723475
0.10657229553378027
0.10657229553378027
0.10657229553378027
0.10657229553378027
0.1388274727577818
0.07239047343012528
0.19072279113723475
0.07239047343012528
0.04013529620612375
0.04013529620612375
0.10657229553378027
0.04013529620612375
0.0
0.08415049560345449
0.0
0.04013529620612375
0.0
0.19072279113723475
0.1388274727577818
0.10657229553378027
0.19072279113723475
0.10657229553378027
0.10657229553378027
0.10657229553378027
0.10657229553378027
0.1388274727577818
0.10657229553378027
0.18284267215511255
0.18284267215511255
0.18284267215511255
0.18284267215511255
0.2229779683612363
0.18284267215511255
0.18284267215511255
0.18284267215511255
0.18284267215511255
0.10657229553378027
0.1388274727577818
0.10657229553378027
0.19072279113723475
0.10657229553378027
0.10657229553378027
0.10657229553378027
0.10657229553378027
0.1388274727577818
0.10657229553378027
0.18284267215511255
0.18284267215511255
0.18284267215511255
0.18284267215511255
0.18284267215511255
0.18284267215511255
0.18284267215511255
0.18284267215511255
0.18284267215511255
0.18284267215511255
0.07239047343012528
0.12428579180957824
0.07239047343012528
0.04013529620612375
0.06643699932765651
0.04013529620612375
0.0
0.0
0.08415049560345449
0.10657229553378027
0.10657229553378027
0.19072279113723475
0.1388274727577818
0.10657229553378027
0.10657229553378027
0.10657229553378027
0.10657229553378027
0.19072279113723475
0.10657229553378027
0.10657229553378027
0.10657229553378027
0.10657229553378027
0.1388274727577818
0.10657229553378027
0.18284267215511255
0.18284267215511255
0.18284267215511255
0.18284267215511255
0.2229779683612363
0.18284267215511255
0.18284267215511255
0.18284267215511255
0.18284267215511255
0.18284267215511255
0.2229779683612363
0.10657229553378027
0.10657229553378027
0.10657229553378027
0.10657229553378027
0.1388274727577818
0.04013529620612375
0.04013529620612375
0.06643699932765651
0.04013529620612375
0.0
0.0
0.08415049560345449
0.10657229553378027
0.10657229553378027
0.19072279113723475
0.1388274727577818
0.19072279113723475
0.07239047343012528
0.04013529620612375
0.04013529620612375
0.04013529620612375
0.12428579180957824
0.04013529620612375
0.04013529620612375
0.10657229553378027
0.04013529620612375
0.04013529620612375
0.06643699932765651
0.04013529620612375
0.0
0.0
0.08415049560345449
0.10657229553378027
0.10657229553378027
0.19072279113723475
0.1388274727577818
0.10657229553378027
0.10657229553378027
0.10657229553378027
0.10657229553378027
0.19072279113723475
0.1388274727577818
0.18284267215511255
0.10657229553378027
0.10657229553378027
0.10657229553378027
0.1388274727577818
0.10657229553378027
0.18284267215511255
0.18284267215511255
0.18284267215511255
0.18284267215511255
0.2229779683612363
0.18284267215511255
0.18284267215511255
0.18284267215511255
0.18284267215511255
0.18284267215511255
0.2229779683612363
0.18284267215511255
0.09869217655165803
0.09869217655165803
0.04013529620612375
0.04013529620612375
0.04013529620612375
0.04013529620612375
0.0
0.08415049560345449
0.0
0.04013529620612375
0.0
0.10657229553378027
0.12428579180957824
0.04013529620612375
0.04013529620612375
0.10657229553378027
0.04013529620612375
0.04013529620612375
0.06643699932765651
0.04013529620612375
0.0
0.0
0.08415049560345449
0.10657229553378027
0.10657229553378027
0.19072279113723475
0.1388274727577818
0.10657229553378027
0.10657229553378027
0.10657229553378027
0.10657229553378027
0.10657229553378027
0.19072279113723475
0.10657229553378027
0.10657229553378027
0.10657229553378027
0.10657229553378027
0.19072279113723475
0.10657229553378027
0.10657229553378027
