0.29843753313060084
0.2784246571312831
0.04225161993932324
0.14219578707604594
0.13622887005523712
0.13622887005523712
0.2561859131912776
0.13622887005523712
0.29843753313060084
0.2784246571312831
0.04225161993932324
0.14219578707604594
0.13622887005523712
0.13622887005523712
0.2561859131912776
0.29843753313060084
0.09397725011591387
0.1139901261152316
0.2044602830146869
0.2784246571312831
0.18444740701536919
0.23617303719195987
0.2044602830146869
0.14219578707604594
0.23617303719195987
0.18444740701536919
0.15624174605455485
0.13622887005523712
0.15624174605455485
0.13622887005523712
0.18444740701536919
0.18444740701536919
0.2044602830146869
0.2044602830146869
0.18444740701536919
0.2044602830146869
0.18444740701536919
0.18444740701536919
0.2044602830146869
0.18444740701536919
0.18444740701536919
0.2784246571312831
0.18444740701536919
0.29843753313060084
0.2784246571312831
0.2044602830146869
0.2784246571312831
0.2044602830146869
0.2044602830146869
0.13622887005523712
0.29843753313060084
0.2784246571312831
0.13622887005523712
0.15624174605455485
0.2784246571312831
0.2784246571312831
0.15624174605455485
0.13622887005523712
0.18444740701536919
0.18444740701536919
0.2044602830146869
0.18444740701536919
0.18444740701536919
0.2044602830146869
0.18444740701536919
0.18444740701536919
0.2784246571312831
0.18444740701536919
0.18444740701536919
0.2044602830146869
0.2044602830146869
0.18444740701536919
0.29843753313060084
0.2784246571312831
0.2044602830146869
0.2784246571312831
0.2044602830146869
0.2044602830146869
0.13622887005523712
0.29843753313060084
0.2784246571312831
0.13622887005523712
0.15624174605455485
0.2784246571312831
0.2784246571312831
0.2784246571312831
0.29843753313060084
0.2044602830146869
0.18444740701536919
0.18444740701536919
0.2784246571312831
0.18444740701536919
0.18444740701536919
0.13622887005523712
0.15624174605455485
0.2784246571312831
0.13622887005523712
0.13622887005523712
0.2784246571312831
0.2784246571312831
0.2784246571312831
0.18444740701536919
0.18444740701536919
0.13622887005523712
0.29843753313060084
0.2784246571312831
0.04225161993932324
0.14219578707604594
0.13622887005523712
0.13622887005523712
0.2561859131912776
0.29843753313060084
0.09397725011591387
0.1139901261152316
0.2044602830146869
0.2784246571312831
0.13622887005523712
0.15624174605455485
0.13622887005523712
0.18444740701536919
0.18444740701536919
0.2044602830146869
0.2044602830146869
0.18444740701536919
0.29843753313060084
0.2784246571312831
0.2044602830146869
0.2784246571312831
0.13622887005523712
0.18444740701536919
0.18444740701536919
0.13622887005523712
0.2784246571312831
0.2784246571312831
0.13622887005523712
0.13622887005523712
0.15624174605455485
0.13622887005523712
0.15624174605455485
0.13622887005523712
0.18444740701536919
0.18444740701536919
0.2044602830146869
0.2044602830146869
0.18444740701536919
0.29843753313060084
0.2784246571312831
0.2044602830146869
0.2784246571312831
0.2044602830146869
0.2044602830146869
0.13622887005523712
0.29843753313060084
0.2784246571312831
0.18444740701536919
0.18444740701536919
0.13622887005523712
0.29843753313060084
0.13622887005523712
0.13622887005523712
0.15624174605455485
0.13622887005523712
0.15624174605455485
0.13622887005523712
0.18444740701536919
0.18444740701536919
0.2044602830146869
0.2044602830146869
0.18444740701536919
0.29843753313060084
0.2784246571312831
0.2044602830146869
0.2784246571312831
0.2044602830146869
0.2044602830146869
0.13622887005523712
0.29843753313060084
0.2784246571312831
0.13622887005523712
0.13622887005523712
0.13622887005523712
0.15624174605455485
0.13622887005523712
0.18444740701536919
0.18444740701536919
0.2044602830146869
0.18444740701536919
0.14219578707604594
0.13622887005523712
0.13622887005523712
0.2561859131912776
0.29843753313060084
0.09397725011591387
0.1139901261152316
0.2044602830146869
0.2784246571312831
0.18444740701536919
0.23617303719195987
0.2044602830146869
0.14219578707604594
0.23617303719195987
0.18444740701536919
0.14219578707604594
0.18444740701536919
0.18444740701536919
0.18444740701536919
0.2044602830146869
0.2044602830146869
0.18444740701536919
0.29843753313060084
0.2784246571312831
0.2044602830146869
0.2784246571312831
0.2044602830146869
0.2044602830146869
0.14219578707604594
0.13622887005523712
0.13622887005523712
0.2561859131912776
0.29843753313060084
0.09397725011591387
0.1139901261152316
0.15624174605455485
0.13622887005523712
0.2784246571312831
0.13622887005523712
0.13622887005523712
0.15624174605455485
0.13622887005523712
0.29843753313060084
0.2784246571312831
0.04225161993932324
0.14219578707604594
0.13622887005523712
0.13622887005523712
0.2561859131912776
0.29843753313060084
0.09397725011591387
0.1139901261152316
0.2044602830146869
0.2784246571312831
0.13622887005523712
0.13622887005523712
0.15624174605455485
0.13622887005523712
0.2784246571312831
0.13622887005523712
0.13622887005523712
0.13622887005523712
0.13622887005523712
0.15624174605455485
0.13622887005523712
0.18444740701536919
0.18444740701536919
0.2044602830146869
0.18444740701536919
0.18444740701536919
0.2044602830146869
0.18444740701536919
0.18444740701536919
0.2784246571312831
0.18444740701536919
0.18444740701536919
0.13622887005523712
0.15624174605455485
0.2784246571312831
0.13622887005523712
0.13622887005523712
0.15624174605455485
0.13622887005523712
0.18444740701536919
0.2784246571312831
0.18444740701536919
0.18444740701536919
0.13622887005523712
0.15624174605455485
0.2784246571312831
0.13622887005523712
0.13622887005523712
0.2784246571312831
0.2784246571312831
0.2784246571312831
0.29843753313060084
0.13622887005523712
0.2784246571312831
0.15624174605455485
0.13622887005523712
0.2784246571312831
0.13622887005523712
0.13622887005523712
0.15624174605455485
0.13622887005523712
0.15624174605455485
0.13622887005523712
0.18444740701536919
0.18444740701536919
0.2044602830146869
0.2044602830146869
0.18444740701536919
0.29843753313060084
0.2784246571312831
0.2044602830146869
0.18444740701536919
0.18444740701536919
0.13622887005523712
0.15624174605455485
0.2784246571312831
0.13622887005523712
0.13622887005523712
0.2784246571312831
0.2784246571312831
0.14219578707604594
0.2044602830146869
0.18444740701536919
0.29843753313060084
0.2784246571312831
0.2044602830146869
0.2784246571312831
0.2044602830146869
0.2044602830146869
0.13622887005523712
0.29843753313060084
0.2784246571312831
0.13622887005523712
0.15624174605455485
0.2784246571312831
0.2784246571312831
0.2784246571312831
0.29843753313060084
0.2784246571312831
0.18444740701536919
0.18444740701536919
0.13622887005523712
0.15624174605455485
0.2784246571312831
0.13622887005523712
0.13622887005523712
0.2784246571312831
0.2784246571312831
0.2784246571312831
0.29843753313060084
0.2784246571312831
0.2784246571312831
0.2784246571312831
0.29843753313060084
0.2784246571312831
0.2784246571312831
0.2784246571312831
0.14219578707604594
0.1139901261152316
0.2044602830146869
0.2784246571312831
0.18444740701536919
0.23617303719195987
0.2044602830146869
0.14219578707604594
0.23617303719195987
0.18444740701536919
0.14219578707604594
0.18444740701536919
0.18444740701536919
0.16220866307536366
0.2044602830146869
0.2044602830146869
0.2561859131912776
0.2561859131912776
0.2561859131912776
0.2044602830146869
0.13622887005523712
0.29843753313060084
0.2784246571312831
0.13622887005523712
0.15624174605455485
0.2784246571312831
0.2784246571312831
0.18444740701536919
0.18444740701536919
0.2784246571312831
0.18444740701536919
0.18444740701536919
0.2044602830146869
0.2044602830146869
0.13622887005523712
0.29843753313060084
0.2784246571312831
0.13622887005523712
0.15624174605455485
0.2784246571312831
0.2784246571312831
0.2784246571312831
0.29843753313060084
0.2784246571312831
0.2784246571312831
0.2784246571312831
0.29843753313060084
0.2784246571312831
0.2784246571312831
0.2784246571312831
0.14219578707604594
0.020012875999317732
0.13622887005523712
0.13622887005523712
0.15624174605455485
0.13622887005523712
0.2784246571312831
0.13622887005523712
0.13622887005523712
0.13622887005523712
0.13622887005523712
0.18444740701536919
0.18444740701536919
0.2784246571312831
0.18444740701536919
0.18444740701536919
0.13622887005523712
0.15624174605455485
0.2784246571312831
0.13622887005523712
0.13622887005523712
0.2784246571312831
0.2784246571312831
0.2784246571312831
0.29843753313060084
0.2561859131912776
0.13622887005523712
0.13622887005523712
0.2561859131912776
0.18444740701536919
0.14219578707604594
0.2784246571312831
0.18444740701536919
0.18444740701536919
0.13622887005523712
0.29843753313060084
0.2784246571312831
0.04225161993932324
0.14219578707604594
0.13622887005523712
0.13622887005523712
0.2561859131912776
0.29843753313060084
0.09397725011591387
0.1139901261152316
0.2044602830146869
0.2784246571312831
0.2044602830146869
0.2784246571312831
0.2044602830146869
0.2044602830146869
0.13622887005523712
0.29843753313060084
0.2784246571312831
0.13622887005523712
0.13622887005523712
0.2044602830146869
0.2044602830146869
0.18444740701536919
0.29843753313060084
0.2784246571312831
0.2044602830146869
0.2784246571312831
0.2044602830146869
0.2044602830146869
0.13622887005523712
0.29843753313060084
0.2784246571312831
0.13622887005523712
0.15624174605455485
0.2784246571312831
0.2784246571312831
0.13622887005523712
0.2784246571312831
0.13622887005523712
0.13622887005523712
0.13622887005523712
0.13622887005523712
0.15624174605455485
0.13622887005523712
0.18444740701536919
0.18444740701536919
0.2044602830146869
0.18444740701536919
0.18444740701536919
0.2044602830146869
0.18444740701536919
0.18444740701536919
0.2784246571312831
0.18444740701536919
0.18444740701536919
0.13622887005523712
0.15624174605455485
0.2784246571312831
0.13622887005523712
0.13622887005523712
0.2784246571312831
0.13622887005523712
0.13622887005523712
0.2784246571312831
0.18444740701536919
0.18444740701536919
0.13622887005523712
0.2044602830146869
0.18444740701536919
0.29843753313060084
0.2784246571312831
0.2044602830146869
0.2784246571312831
0.2044602830146869
0.2044602830146869
0.13622887005523712
