0.0930985487302505
0.0930985487302505
0.2514276353390161
0.2514276353390161
0.2514276353390161
0.2514276353390161
0.2514276353390161
0.15832908660876557
0.2514276353390161
0.15832908660876557
0.15832908660876557
0.15832908660876557
0.2514276353390161
0.2514276353390161
0.2514276353390161
0.3544940122087947
0.2514276353390161
0.2514276353390161
0.0930985487302505
0.0930985487302505
0.15832908660876557
0.2514276353390161
0.15832908660876557
0.15832908660876557
0.15832908660876557
0.2514276353390161
0.2514276353390161
0.2514276353390161
0.3544940122087947
0.2514276353390161
0.2514276353390161
0.0930985487302505
0.0930985487302505
0.0930985487302505
0.19616492560002916
0.2613954634785442
0.2613954634785442
0.2613954634785442
0.2613954634785442
0.0
0.19616492560002916
0.0930985487302505
0.0930985487302505
0.2514276353390161
0.2514276353390161
0.2514276353390161
0.2514276353390161
0.2514276353390161
0.15832908660876557
0.2514276353390161
0.15832908660876557
0.2514276353390161
0.15832908660876557
0.15832908660876557
0.15832908660876557
0.2514276353390161
0.15832908660876557
0.2514276353390161
0.3544940122087947
0.2514276353390161
0.2514276353390161
0.2514276353390161
0.2514276353390161
0.0930985487302505
0.0930985487302505
0.3544940122087947
0.0930985487302505
0.2613954634785442
0.2613954634785442
0.2514276353390161
0.3544940122087947
0.2514276353390161
0.2514276353390161
0.0930985487302505
0.0930985487302505
0.0930985487302505
0.19616492560002916
0.2613954634785442
0.2613954634785442
0.2613954634785442
0.2613954634785442
0.2613954634785442
0.2613954634785442
0.2613954634785442
0.2613954634785442
0.2514276353390161
0.15832908660876557
0.2514276353390161
0.0930985487302505
0.2514276353390161
0.2514276353390161
0.2514276353390161
0.15832908660876557
0.2514276353390161
0.15832908660876557
0.15832908660876557
0.15832908660876557
0.2514276353390161
0.2514276353390161
0.0930985487302505
0.0930985487302505
0.2514276353390161
0.19616492560002916
0.0930985487302505
0.3544940122087947
0.2514276353390161
0.2514276353390161
0.2514276353390161
0.0
0.0930985487302505
0.0930985487302505
0.2514276353390161
0.19616492560002916
0.0930985487302505
0.3544940122087947
0.2514276353390161
0.2514276353390161
0.2514276353390161
0.2514276353390161
0.15832908660876557
0.15832908660876557
0.15832908660876557
0.2514276353390161
0.15832908660876557
0.2514276353390161
0.3544940122087947
0.2514276353390161
0.0
0.0930985487302505
0.2514276353390161
0.19616492560002916
0.0930985487302505
0.3544940122087947
0.2514276353390161
0.2514276353390161
0.2514276353390161
0.2514276353390161
0.15832908660876557
0.15832908660876557
0.2514276353390161
0.15832908660876557
0.15832908660876557
0.2514276353390161
0.15832908660876557
0.2514276353390161
0.3544940122087947
0.2514276353390161
0.2514276353390161
0.2514276353390161
0.2514276353390161
0.0930985487302505
0.15832908660876557
0.15832908660876557
0.2514276353390161
0.2514276353390161
0.2514276353390161
0.3544940122087947
0.2514276353390161
0.2514276353390161
0.2514276353390161
0.2514276353390161
0.15832908660876557
0.15832908660876557
0.15832908660876557
0.2514276353390161
0.15832908660876557
0.2514276353390161
0.3544940122087947
0.2514276353390161
0.2514276353390161
0.2514276353390161
0.2514276353390161
0.0930985487302505
0.0930985487302505
0.19616492560002916
0.0930985487302505
0.15832908660876557
0.15832908660876557
0.15832908660876557
0.0930985487302505
0.0930985487302505
0.0930985487302505
0.0930985487302505
0.2514276353390161
0.19616492560002916
0.0930985487302505
0.3544940122087947
0.10306637686977864
0.15832908660876557
0.0930985487302505
0.2514276353390161
0.19616492560002916
0.0930985487302505
0.0930985487302505
0.2514276353390161
0.2514276353390161
0.2514276353390161
0.2514276353390161
0.2514276353390161
0.15832908660876557
0.2514276353390161
0.15832908660876557
0.15832908660876557
0.15832908660876557
0.2514276353390161
0.2514276353390161
0.2514276353390161
0.3544940122087947
0.2514276353390161
0.19616492560002916
0.0930985487302505
0.3544940122087947
0.2514276353390161
0.2514276353390161
0.2514276353390161
0.2514276353390161
0.0
0.0930985487302505
0.0930985487302505
0.2514276353390161
0.19616492560002916
0.0930985487302505
0.3544940122087947
0.2514276353390161
0.2514276353390161
0.2514276353390161
0.0930985487302505
0.2514276353390161
0.19616492560002916
0.0930985487302505
0.3544940122087947
0.2514276353390161
0.2514276353390161
0.2514276353390161
0.2514276353390161
0.15832908660876557
0.15832908660876557
0.15832908660876557
0.2514276353390161
0.15832908660876557
0.2514276353390161
0.15832908660876557
0.15832908660876557
0.15832908660876557
0.2514276353390161
0.2514276353390161
0.3544940122087947
0.10306637686977864
0.10306637686977864
0.2514276353390161
0.2514276353390161
0.2514276353390161
0.2514276353390161
0.2613954634785442
0.15832908660876557
0.2613954634785442
0.10306637686977864
0.10306637686977864
0.10306637686977864
0.19616492560002916
0.3544940122087947
0.2514276353390161
0.3544940122087947
0.10306637686977864
0.10306637686977864
0.2514276353390161
0.2514276353390161
0.2514276353390161
0.2514276353390161
0.2613954634785442
0.15832908660876557
0.2613954634785442
0.2514276353390161
0.2514276353390161
0.2514276353390161
0.2514276353390161
0.15832908660876557
0.2514276353390161
0.15832908660876557
0.15832908660876557
0.15832908660876557
0.2514276353390161
0.2514276353390161
0.2514276353390161
0.3544940122087947
0.2514276353390161
0.0930985487302505
0.3544940122087947
0.2514276353390161
0.2514276353390161
0.2514276353390161
0.2514276353390161
0.15832908660876557
0.15832908660876557
0.15832908660876557
0.2514276353390161
0.15832908660876557
0.2514276353390161
0.3544940122087947
0.2514276353390161
0.2514276353390161
0.2514276353390161
0.2514276353390161
0.0930985487302505
0.2514276353390161
0.15832908660876557
0.2514276353390161
0.3544940122087947
0.2514276353390161
0.2514276353390161
0.2514276353390161
0.2514276353390161
0.0930985487302505
0.0930985487302505
0.19616492560002916
0.0930985487302505
0.0930985487302505
0.0930985487302505
0.2514276353390161
0.2514276353390161
0.2514276353390161
0.2514276353390161
0.2514276353390161
0.2613954634785442
0.15832908660876557
0.2613954634785442
0.10306637686977864
0.2514276353390161
0.2514276353390161
0.2514276353390161
0.15832908660876557
0.15832908660876557
0.15832908660876557
0.2514276353390161
0.15832908660876557
0.2514276353390161
0.3544940122087947
0.2514276353390161
0.2514276353390161
0.2514276353390161
0.2514276353390161
0.0930985487302505
0.0930985487302505
0.15832908660876557
0.2514276353390161
0.15832908660876557
0.2514276353390161
0.3544940122087947
0.2514276353390161
0.2514276353390161
0.2514276353390161
0.2514276353390161
0.0930985487302505
0.0930985487302505
0.3544940122087947
0.0930985487302505
0.2514276353390161
0.15832908660876557
0.15832908660876557
0.15832908660876557
0.0930985487302505
0.0930985487302505
0.2514276353390161
0.19616492560002916
0.0930985487302505
0.3544940122087947
0.2514276353390161
0.2514276353390161
0.2514276353390161
0.2514276353390161
0.15832908660876557
0.15832908660876557
0.15832908660876557
0.2514276353390161
0.15832908660876557
0.2514276353390161
0.3544940122087947
0.2514276353390161
0.2514276353390161
0.15832908660876557
0.2514276353390161
0.0930985487302505
0.3544940122087947
0.3544940122087947
0.10306637686977864
0.19616492560002916
0.3544940122087947
0.2514276353390161
0.3544940122087947
0.10306637686977864
0.10306637686977864
0.2514276353390161
0.2514276353390161
0.2514276353390161
0.2514276353390161
0.3544940122087947
0.2514276353390161
0.2514276353390161
0.2514276353390161
0.2514276353390161
0.0930985487302505
0.0930985487302505
0.19616492560002916
0.0930985487302505
0.2613954634785442
0.2613954634785442
0.2613954634785442
0.2613954634785442
0.2613954634785442
0.2613954634785442
0.2613954634785442
0.15832908660876557
0.2514276353390161
0.2514276353390161
0.2514276353390161
0.3544940122087947
0.2514276353390161
0.2514276353390161
0.0930985487302505
0.0930985487302505
0.0930985487302505
0.19616492560002916
0.2613954634785442
0.2613954634785442
0.2613954634785442
0.2613954634785442
0.2613954634785442
0.2613954634785442
0.2613954634785442
0.2613954634785442
0.19616492560002916
0.0930985487302505
0.3544940122087947
0.2514276353390161
0.2514276353390161
0.2514276353390161
0.2514276353390161
0.15832908660876557
0.15832908660876557
0.15832908660876557
0.2514276353390161
0.15832908660876557
0.2514276353390161
