0.10692743699253485
0.10692743699253485
0.1326759836410676
0.10692743699253485
0.10692743699253485
0.23097883967413285
0.19941814918303075
0.297721005216096
0.17366960253449798
0.17366960253449798
0.17366960253449798
0.19079356822356114
0.19079356822356114
0.21654211487209388
0.19079356822356114
0.297721005216096
0.23097883967413285
0.10692743699253485
0.10692743699253485
0.17366960253449798
0.10692743699253485
0.10692743699253485
0.17366960253449798
0.10692743699253485
0.10692743699253485
0.1326759836410676
0.10692743699253485
0.10692743699253485
0.17366960253449798
0.1326759836410676
0.17366960253449798
0.10692743699253485
0.10692743699253485
0.1326759836410676
0.10692743699253485
0.10692743699253485
0.23097883967413285
0.19941814918303075
0.297721005216096
0.17366960253449798
0.17366960253449798
0.17366960253449798
0.19079356822356114
0.19079356822356114
0.21654211487209388
0.19079356822356114
0.297721005216096
0.14979994933013074
0.19079356822356114
0.025748546648532745
0.0
0.19079356822356114
0.10692743699253485
0.10692743699253485
0.10692743699253485
0.10692743699253485
0.17366960253449798
0.19079356822356114
0.124051402681598
0.21654211487209388
0.09249071219049587
0.21654211487209388
0.21654211487209388
0.025748546648532745
0.09249071219049587
0.21654211487209388
0.21654211487209388
0.21654211487209388
0.21654211487209388
0.21654211487209388
0.21654211487209388
0.10692743699253485
0.10692743699253485
0.21654211487209388
0.21654211487209388
0.19079356822356114
0.19079356822356114
0.2567273863226656
0.17366960253449798
0.10692743699253485
0.10692743699253485
0.10692743699253485
0.10692743699253485
0.1326759836410676
0.23097883967413285
0.10692743699253485
0.10692743699253485
0.19941814918303075
0.10692743699253485
0.17366960253449798
0.10692743699253485
0.10692743699253485
0.23097883967413285
0.1326759836410676
0.17366960253449798
0.10692743699253485
0.10692743699253485
0.1326759836410676
0.10692743699253485
0.10692743699253485
0.23097883967413285
0.19941814918303075
0.297721005216096
0.1326759836410676
0.23097883967413285
0.10692743699253485
0.10692743699253485
0.10692743699253485
0.21654211487209388
0.10692743699253485
0.10692743699253485
0.21654211487209388
0.21654211487209388
0.19079356822356114
0.19079356822356114
0.10692743699253485
0.10692743699253485
0.1326759836410676
0.10692743699253485
0.10692743699253485
0.23097883967413285
0.19941814918303075
0.297721005216096
0.17366960253449798
0.17366960253449798
0.17366960253449798
0.19079356822356114
0.19079356822356114
0.21654211487209388
0.19079356822356114
0.297721005216096
0.14979994933013074
0.19079356822356114
0.23097883967413285
0.21654211487209388
0.21654211487209388
0.21654211487209388
0.10692743699253485
0.10692743699253485
0.21654211487209388
0.21654211487209388
0.19079356822356114
0.19079356822356114
0.2567273863226656
0.2567273863226656
0.124051402681598
0.21654211487209388
0.21654211487209388
0.10692743699253485
0.23097883967413285
0.1326759836410676
0.17366960253449798
0.10692743699253485
0.10692743699253485
0.1326759836410676
0.10692743699253485
0.10692743699253485
0.23097883967413285
0.19941814918303075
0.297721005216096
0.17366960253449798
0.19079356822356114
0.124051402681598
0.21654211487209388
0.09249071219049587
0.21654211487209388
0.21654211487209388
0.025748546648532745
0.09249071219049587
0.10692743699253485
0.10692743699253485
0.19941814918303075
0.17366960253449798
0.297721005216096
0.17366960253449798
0.10692743699253485
0.10692743699253485
0.1326759836410676
0.10692743699253485
0.10692743699253485
0.23097883967413285
0.10692743699253485
0.10692743699253485
0.10692743699253485
0.17366960253449798
0.19079356822356114
0.124051402681598
0.21654211487209388
0.09249071219049587
0.21654211487209388
0.10692743699253485
0.10692743699253485
0.17366960253449798
0.19079356822356114
0.124051402681598
0.21654211487209388
0.09249071219049587
0.21654211487209388
0.21654211487209388
0.025748546648532745
0.09249071219049587
0.21654211487209388
0.21654211487209388
0.10692743699253485
0.23097883967413285
0.10692743699253485
0.10692743699253485
0.17366960253449798
0.10692743699253485
0.10692743699253485
0.23097883967413285
0.1326759836410676
0.17366960253449798
0.10692743699253485
0.10692743699253485
0.1326759836410676
0.10692743699253485
0.10692743699253485
0.23097883967413285
0.19941814918303075
0.10692743699253485
0.10692743699253485
0.10692743699253485
0.17366960253449798
0.19079356822356114
0.124051402681598
0.21654211487209388
0.09249071219049587
0.21654211487209388
0.21654211487209388
0.025748546648532745
0.09249071219049587
0.21654211487209388
0.1326759836410676
0.17366960253449798
0.10692743699253485
0.10692743699253485
0.1326759836410676
0.10692743699253485
0.10692743699253485
0.23097883967413285
0.19941814918303075
0.297721005216096
0.17366960253449798
0.17366960253449798
0.17366960253449798
0.21654211487209388
0.025748546648532745
0.09249071219049587
0.21654211487209388
0.21654211487209388
0.21654211487209388
0.10692743699253485
0.10692743699253485
0.21654211487209388
0.19941814918303075
0.17366960253449798
0.297721005216096
0.0
0.19079356822356114
0.10692743699253485
0.10692743699253485
0.10692743699253485
0.10692743699253485
0.17366960253449798
0.19079356822356114
0.124051402681598
0.21654211487209388
0.09249071219049587
0.21654211487209388
0.21654211487209388
0.025748546648532745
0.09249071219049587
0.21654211487209388
0.21654211487209388
0.21654211487209388
0.23097883967413285
0.1326759836410676
0.17366960253449798
0.10692743699253485
0.10692743699253485
0.1326759836410676
0.10692743699253485
0.10692743699253485
0.23097883967413285
0.19941814918303075
0.297721005216096
0.17366960253449798
0.17366960253449798
0.17366960253449798
0.19079356822356114
0.23097883967413285
0.19941814918303075
0.297721005216096
0.17366960253449798
0.17366960253449798
0.17366960253449798
0.19079356822356114
0.19079356822356114
0.21654211487209388
0.19079356822356114
0.297721005216096
0.10692743699253485
0.10692743699253485
0.1326759836410676
0.10692743699253485
0.10692743699253485
0.23097883967413285
0.19941814918303075
0.297721005216096
0.17366960253449798
0.09249071219049587
0.21654211487209388
0.21654211487209388
0.025748546648532745
0.09249071219049587
0.21654211487209388
0.21654211487209388
0.21654211487209388
0.10692743699253485
0.10692743699253485
0.21654211487209388
0.21654211487209388
0.19079356822356114
0.10692743699253485
0.10692743699253485
0.21654211487209388
0.21654211487209388
0.19079356822356114
0.19079356822356114
0.2567273863226656
0.2567273863226656
0.124051402681598
0.1326759836410676
0.10692743699253485
0.17366960253449798
0.10692743699253485
0.10692743699253485
0.23097883967413285
0.1326759836410676
0.17366960253449798
0.10692743699253485
0.10692743699253485
0.17366960253449798
0.10692743699253485
0.10692743699253485
0.1326759836410676
0.10692743699253485
0.10692743699253485
0.23097883967413285
0.19941814918303075
0.10692743699253485
0.10692743699253485
0.23097883967413285
0.1326759836410676
0.1326759836410676
0.10692743699253485
0.1326759836410676
0.1326759836410676
0.23097883967413285
0.23097883967413285
0.23097883967413285
0.19941814918303075
0.17366960253449798
0.297721005216096
0.17366960253449798
0.19941814918303075
0.19079356822356114
0.297721005216096
0.297721005216096
0.21654211487209388
0.19079356822356114
0.23097883967413285
0.124051402681598
0.0
0.19079356822356114
0.10692743699253485
0.10692743699253485
0.10692743699253485
0.10692743699253485
0.17366960253449798
0.19079356822356114
0.124051402681598
0.21654211487209388
0.09249071219049587
0.21654211487209388
0.21654211487209388
0.025748546648532745
0.09249071219049587
0.21654211487209388
0.21654211487209388
0.21654211487209388
0.10692743699253485
0.10692743699253485
0.21654211487209388
0.21654211487209388
0.19079356822356114
0.19079356822356114
0.2567273863226656
0.2567273863226656
0.124051402681598
0.1326759836410676
0.10692743699253485
0.17366960253449798
0.10692743699253485
0.10692743699253485
0.23097883967413285
0.19941814918303075
0.297721005216096
0.17366960253449798
0.17366960253449798
0.09249071219049587
0.21654211487209388
0.10692743699253485
0.17366960253449798
0.10692743699253485
0.10692743699253485
0.23097883967413285
0.1326759836410676
0.17366960253449798
0.10692743699253485
0.10692743699253485
0.1326759836410676
0.10692743699253485
0.10692743699253485
0.23097883967413285
0.19941814918303075
0.297721005216096
0.17366960253449798
0.17366960253449798
0.17366960253449798
0.19079356822356114
0.21654211487209388
0.21654211487209388
0.025748546648532745
0.09249071219049587
0.21654211487209388
0.21654211487209388
0.21654211487209388
0.10692743699253485
0.10692743699253485
0.21654211487209388
0.21654211487209388
0.19079356822356114
0.19079356822356114
0.2567273863226656
0.2567273863226656
0.124051402681598
0.1326759836410676
