0.09338833570470129
0.09338833570470129
0.2564171798500565
0.2564171798500565
0.2564171798500565
0.2564171798500565
0.2564171798500565
0.16302884414535518
0.2564171798500565
0.16302884414535518
0.16302884414535518
0.16302884414535518
0.2564171798500565
0.2564171798500565
0.2564171798500565
0.36074585705243484
0.2564171798500565
0.2564171798500565
0.09338833570470129
0.09338833570470129
0.16302884414535518
0.2564171798500565
0.16302884414535518
0.16302884414535518
0.16302884414535518
0.2564171798500565
0.2564171798500565
0.2564171798500565
0.36074585705243484
0.2564171798500565
0.2564171798500565
0.09338833570470129
0.09338833570470129
0.09338833570470129
0.1977170129070797
0.26735752134773355
0.26735752134773355
0.26735752134773355
0.26735752134773355
0.0
0.1977170129070797
0.09338833570470129
0.09338833570470129
0.2564171798500565
0.2564171798500565
0.2564171798500565
0.2564171798500565
0.2564171798500565
0.16302884414535518
0.2564171798500565
0.16302884414535518
0.2564171798500565
0.16302884414535518
0.16302884414535518
0.16302884414535518
0.2564171798500565
0.16302884414535518
0.2564171798500565
0.36074585705243484
0.2564171798500565
0.2564171798500565
0.2564171798500565
0.2564171798500565
0.09338833570470129
0.09338833570470129
0.36074585705243484
0.09338833570470129
0.26735752134773355
0.26735752134773355
0.2564171798500565
0.36074585705243484
0.2564171798500565
0.2564171798500565
0.09338833570470129
0.09338833570470129
0.09338833570470129
0.1977170129070797
0.26735752134773355
0.26735752134773355
0.26735752134773355
0.26735752134773355
0.26735752134773355
0.26735752134773355
0.26735752134773355
0.26735752134773355
0.2564171798500565
0.16302884414535518
0.2564171798500565
0.09338833570470129
0.2564171798500565
0.2564171798500565
0.2564171798500565
0.16302884414535518
0.2564171798500565
0.16302884414535518
0.16302884414535518
0.16302884414535518
0.2564171798500565
0.2564171798500565
0.09338833570470129
0.09338833570470129
0.2564171798500565
0.1977170129070797
0.09338833570470129
0.36074585705243484
0.2564171798500565
0.2564171798500565
0.2564171798500565
0.0
0.09338833570470129
0.09338833570470129
0.2564171798500565
0.1977170129070797
0.09338833570470129
0.36074585705243484
0.2564171798500565
0.2564171798500565
0.2564171798500565
0.2564171798500565
0.16302884414535518
0.16302884414535518
0.16302884414535518
0.2564171798500565
0.16302884414535518
0.2564171798500565
0.36074585705243484
0.2564171798500565
0.0
0.09338833570470129
0.2564171798500565
0.1977170129070797
0.09338833570470129
0.36074585705243484
0.2564171798500565
0.2564171798500565
0.2564171798500565
0.2564171798500565
0.16302884414535518
0.16302884414535518
0.2564171798500565
0.16302884414535518
0.16302884414535518
0.2564171798500565
0.16302884414535518
0.2564171798500565
0.36074585705243484
0.2564171798500565
0.2564171798500565
0.2564171798500565
0.2564171798500565
0.09338833570470129
0.16302884414535518
0.16302884414535518
0.2564171798500565
0.2564171798500565
0.2564171798500565
0.36074585705243484
0.2564171798500565
0.2564171798500565
0.2564171798500565
0.2564171798500565
0.16302884414535518
0.16302884414535518
0.16302884414535518
0.2564171798500565
0.16302884414535518
0.2564171798500565
0.36074585705243484
0.2564171798500565
0.2564171798500565
0.2564171798500565
0.2564171798500565
0.09338833570470129
0.09338833570470129
0.1977170129070797
0.09338833570470129
0.16302884414535518
0.16302884414535518
0.16302884414535518
0.09338833570470129
0.09338833570470129
0.09338833570470129
0.09338833570470129
0.2564171798500565
0.1977170129070797
0.09338833570470129
0.36074585705243484
0.10432867720237837
0.16302884414535518
0.09338833570470129
0.2564171798500565
0.1977170129070797
0.09338833570470129
0.09338833570470129
0.2564171798500565
0.2564171798500565
0.2564171798500565
0.2564171798500565
0.2564171798500565
0.16302884414535518
0.2564171798500565
0.16302884414535518
0.16302884414535518
0.16302884414535518
0.2564171798500565
0.2564171798500565
0.2564171798500565
0.36074585705243484
0.2564171798500565
0.1977170129070797
0.09338833570470129
0.36074585705243484
0.2564171798500565
0.2564171798500565
0.2564171798500565
0.2564171798500565
0.0
0.09338833570470129
0.09338833570470129
0.2564171798500565
0.1977170129070797
0.09338833570470129
0.36074585705243484
0.2564171798500565
0.2564171798500565
0.2564171798500565
0.09338833570470129
0.2564171798500565
0.1977170129070797
0.09338833570470129
0.36074585705243484
0.2564171798500565
0.2564171798500565
0.2564171798500565
0.2564171798500565
0.16302884414535518
0.16302884414535518
0.16302884414535518
0.2564171798500565
0.16302884414535518
0.2564171798500565
0.16302884414535518
0.16302884414535518
0.16302884414535518
0.2564171798500565
0.2564171798500565
0.36074585705243484
0.10432867720237837
0.10432867720237837
0.2564171798500565
0.2564171798500565
0.2564171798500565
0.2564171798500565
0.26735752134773355
0.16302884414535518
0.26735752134773355
0.10432867720237837
0.10432867720237837
0.10432867720237837
0.1977170129070797
0.36074585705243484
0.2564171798500565
0.36074585705243484
0.10432867720237837
0.10432867720237837
0.2564171798500565
0.2564171798500565
0.2564171798500565
0.2564171798500565
0.26735752134773355
0.16302884414535518
0.26735752134773355
0.2564171798500565
0.2564171798500565
0.2564171798500565
0.2564171798500565
0.16302884414535518
0.2564171798500565
0.16302884414535518
0.16302884414535518
0.16302884414535518
0.2564171798500565
0.2564171798500565
0.2564171798500565
0.36074585705243484
0.2564171798500565
0.09338833570470129
0.36074585705243484
0.2564171798500565
0.2564171798500565
0.2564171798500565
0.2564171798500565
0.16302884414535518
0.16302884414535518
0.16302884414535518
0.2564171798500565
0.16302884414535518
0.2564171798500565
0.36074585705243484
0.2564171798500565
0.2564171798500565
0.2564171798500565
0.2564171798500565
0.09338833570470129
0.2564171798500565
0.16302884414535518
0.2564171798500565
0.36074585705243484
0.2564171798500565
0.2564171798500565
0.2564171798500565
0.2564171798500565
0.09338833570470129
0.09338833570470129
0.1977170129070797
0.09338833570470129
0.09338833570470129
0.09338833570470129
0.2564171798500565
0.2564171798500565
0.2564171798500565
0.2564171798500565
0.2564171798500565
0.2564171798500565
0.16302884414535518
0.16302884414535518
0.16302884414535518
0.2564171798500565
0.16302884414535518
0.2564171798500565
0.36074585705243484
0.2564171798500565
0.2564171798500565
0.2564171798500565
0.2564171798500565
0.09338833570470129
0.09338833570470129
0.16302884414535518
0.2564171798500565
0.16302884414535518
0.2564171798500565
0.36074585705243484
0.2564171798500565
0.2564171798500565
0.2564171798500565
0.2564171798500565
0.09338833570470129
0.09338833570470129
0.36074585705243484
0.09338833570470129
0.2564171798500565
0.16302884414535518
0.16302884414535518
0.16302884414535518
0.09338833570470129
0.09338833570470129
0.2564171798500565
0.1977170129070797
0.09338833570470129
0.36074585705243484
0.2564171798500565
0.2564171798500565
0.2564171798500565
0.2564171798500565
0.16302884414535518
0.16302884414535518
0.16302884414535518
0.2564171798500565
0.16302884414535518
0.2564171798500565
0.36074585705243484
0.2564171798500565
0.2564171798500565
0.16302884414535518
0.2564171798500565
0.09338833570470129
0.36074585705243484
0.36074585705243484
0.10432867720237837
0.1977170129070797
0.36074585705243484
0.2564171798500565
0.36074585705243484
0.10432867720237837
0.10432867720237837
0.2564171798500565
0.2564171798500565
0.2564171798500565
0.2564171798500565
0.36074585705243484
0.2564171798500565
0.2564171798500565
0.2564171798500565
0.2564171798500565
0.09338833570470129
0.09338833570470129
0.1977170129070797
0.09338833570470129
0.26735752134773355
0.26735752134773355
0.26735752134773355
0.26735752134773355
0.26735752134773355
0.26735752134773355
0.26735752134773355
0.16302884414535518
0.2564171798500565
0.2564171798500565
0.2564171798500565
0.36074585705243484
0.2564171798500565
0.2564171798500565
0.09338833570470129
0.09338833570470129
0.09338833570470129
0.1977170129070797
0.26735752134773355
0.26735752134773355
0.26735752134773355
0.26735752134773355
0.26735752134773355
0.26735752134773355
0.26735752134773355
0.26735752134773355
0.1977170129070797
0.09338833570470129
0.36074585705243484
0.2564171798500565
0.2564171798500565
0.2564171798500565
0.2564171798500565
0.16302884414535518
0.16302884414535518
0.16302884414535518
0.2564171798500565
0.16302884414535518
0.2564171798500565
